0.0011739730834960938
0.0010938644409179688
0.0008590221405029297
0.0008177757263183594
0.000782012939453125
0.0006477832794189453
0.0005769729614257812
0.00045800209045410156
0.0004930496215820312
0.0005970001220703125
0.0008928775787353516
0.0005049705505371094
0.0008938312530517578
0.0005710124969482422
0.0006079673767089844
0.0005881786346435547
0.0007910728454589844
0.0007340908050537109
0.0008041858673095703
0.0008800029754638672
0.0006470680236816406
0.0005638599395751953
0.0007059574127197266
0.0008840560913085938
0.0006241798400878906
0.0006170272827148438
0.0005860328674316406
0.0006239414215087891
0.0006501674652099609
0.0004868507385253906
0.0007240772247314453
0.0009038448333740234
0.0009360313415527344
0.0007059574127197266
0.0006871223449707031
0.0009241104125976562
0.0007250308990478516
0.0009329319000244141
0.0008950233459472656
0.0008051395416259766
0.00090789794921875
0.0006320476531982422
0.0010731220245361328
0.0009129047393798828
0.0005738735198974609
0.0005190372467041016
0.0005810260772705078
0.0007510185241699219
0.0006191730499267578
0.0006580352783203125
0.0008089542388916016
0.0004839897155761719
0.0005669593811035156
0.0006940364837646484
0.0005230903625488281
0.00061798095703125
0.0007839202880859375
0.0009279251098632812
0.0006270408630371094
0.0018658638000488281
0.0007798671722412109
0.0007059574127197266
0.0004611015319824219
0.0006210803985595703
0.0005638599395751953
0.0006740093231201172
0.0008730888366699219
0.0007939338684082031
0.0008721351623535156
0.0007781982421875
0.0005331039428710938
0.0006461143493652344
0.0005538463592529297
0.0005660057067871094
0.0007660388946533203
0.0009300708770751953
0.0008931159973144531
0.0006990432739257812
0.0009810924530029297
0.0005450248718261719
0.0004570484161376953
0.0008299350738525391
0.0008280277252197266
0.0009570121765136719
0.0007159709930419922
0.00090789794921875
0.0009670257568359375
0.0009200572967529297
0.0008840560913085938
0.0005769729614257812
0.0005571842193603516
0.0004649162292480469
0.0007929801940917969
0.0004940032958984375
0.0005631446838378906
0.0006711483001708984
0.0007479190826416016
0.0006341934204101562
0.0007350444793701172
0.000537872314453125
0.0007278919219970703
0.0009000301361083984
0.0010080337524414062
0.0006411075592041016
0.0008859634399414062
0.0006959438323974609
0.0008051395416259766
0.000843048095703125
0.0006380081176757812
0.0006668567657470703
0.0007328987121582031
0.0007538795471191406
0.0005981922149658203
0.0008220672607421875
0.0009369850158691406
0.0008330345153808594
0.0006301403045654297
0.0005998611450195312
0.0007319450378417969
0.0009720325469970703
0.0006220340728759766
0.0007548332214355469
0.0017359256744384766
0.0007948875427246094
0.0009338855743408203
0.0007009506225585938
0.0006518363952636719
0.0008199214935302734
0.0008168220520019531
0.0006568431854248047
0.0008268356323242188
0.0006229877471923828
0.0005950927734375
0.0003571510314941406
0.0004010200500488281
0.000598907470703125
0.00055694580078125
0.0006210803985595703
0.0008919239044189453
0.0006840229034423828
0.001026153564453125
0.0009698867797851562
0.0008578300476074219
0.0007910728454589844
0.0005540847778320312
0.0008749961853027344
0.0008730888366699219
0.0008099079132080078
0.0005779266357421875
0.0009620189666748047
