0.000946044921875
0.0007109642028808594
0.0007300376892089844
0.0011022090911865234
0.0006811618804931641
0.0006730556488037109
0.0008778572082519531
0.0009429454803466797
0.0009150505065917969
0.0006799697875976562
0.0009438991546630859
0.0005819797515869141
0.0005931854248046875
0.0004889965057373047
0.0007481575012207031
0.0008270740509033203
0.0007660388946533203
0.0005409717559814453
0.0009059906005859375
0.0007219314575195312
0.0011851787567138672
0.0007669925689697266
0.0005300045013427734
0.0005888938903808594
0.00045013427734375
0.001695871353149414
0.0006108283996582031
0.0006008148193359375
0.0007410049438476562
0.0006489753723144531
0.0007219314575195312
0.0005929470062255859
0.0004968643188476562
0.0005629062652587891
0.0005860328674316406
0.0005738735198974609
0.0006439685821533203
0.0005478858947753906
0.0010840892791748047
0.0006430149078369141
0.0004570484161376953
0.0006740093231201172
0.0006110668182373047
0.0007488727569580078
0.0006449222564697266
0.0005500316619873047
0.0005750656127929688
0.0008678436279296875
0.000637054443359375
0.0006020069122314453
0.0006518363952636719
0.00043892860412597656
0.0006439685821533203
0.0005950927734375
0.0005879402160644531
0.0007500648498535156
0.0006549358367919922
0.0011589527130126953
0.0008318424224853516
0.0005660057067871094
0.0005350112915039062
0.00043201446533203125
0.0005919933319091797
0.0004968643188476562
0.00047898292541503906
0.0006580352783203125
0.0006549358367919922
0.0005419254302978516
0.0005950927734375
0.000659942626953125
0.0015101432800292969
0.009476900100708008
0.0006999969482421875
0.0005259513854980469
0.0006549358367919922
0.0007200241088867188
0.0004448890686035156
0.0004620552062988281
0.0005700588226318359
0.0004968643188476562
0.0004940032958984375
0.0006589889526367188
0.0005731582641601562
0.0005910396575927734
0.0004730224609375
0.0004591941833496094
0.0004980564117431641
0.0005810260772705078
0.0005381107330322266
0.0006361007690429688
0.00044798851013183594
0.00048804283142089844
0.0004088878631591797
0.0005068778991699219
0.0005741119384765625
0.0004839897155761719
0.0005490779876708984
0.0005500316619873047
0.0004639625549316406
0.000823974609375
0.0005719661712646484
0.0011980533599853516
0.002151966094970703
0.001867055892944336
0.0005719661712646484
0.0005800724029541016
0.003487825393676758
0.0006060600280761719
0.0004870891571044922
0.0005900859832763672
0.0008249282836914062
0.005719900131225586
0.0005450248718261719
0.0004208087921142578
0.0005600452423095703
0.0007920265197753906
0.0010449886322021484
0.0006120204925537109
0.0007750988006591797
0.0007920265197753906
0.001065969467163086
0.0006129741668701172
0.0008070468902587891
0.0006649494171142578
0.0005259513854980469
0.0005087852478027344
0.0006070137023925781
0.0009438991546630859
0.0004730224609375
0.0006330013275146484
0.0010800361633300781
0.0004439353942871094
0.00042319297790527344
0.0006020069122314453
0.0005319118499755859
0.0005350112915039062
0.0005288124084472656
0.0008521080017089844
0.0008788108825683594
0.0007078647613525391
0.0010609626770019531
0.000762939453125
0.0009760856628417969
0.0007140636444091797
0.0005941390991210938
0.0006649494171142578
0.0005221366882324219
0.0005099773406982422
0.0006229877471923828
0.0005400180816650391
0.0005729198455810547
0.00048089027404785156
0.0007588863372802734
0.0005538463592529297
0.000682830810546875
0.0005719661712646484
0.0008041858673095703
0.0005748271942138672
0.0009248256683349609
0.0005550384521484375
0.0007557868957519531
0.0006749629974365234
0.0006778240203857422
0.0006489753723144531
0.00078582763671875
0.0006358623504638672
0.0007491111755371094
0.0010390281677246094
0.0007510185241699219
0.0010080337524414062
0.0007040500640869141
0.0011429786682128906
0.0008480548858642578
0.000843048095703125
0.000820159912109375
0.0008161067962646484
0.0009629726409912109
0.0006492137908935547
0.0007009506225585938
0.00067901611328125
0.0008139610290527344
0.0007109642028808594
0.0008771419525146484
0.0006239414215087891
0.0007779598236083984
0.0007300376892089844
0.0007398128509521484
0.0004968643188476562
0.0006771087646484375
0.0009000301361083984
0.0009768009185791016
0.0007660388946533203
0.0007350444793701172
0.002103090286254883
0.0006849765777587891
0.0006639957427978516
0.0007560253143310547
0.000514984130859375
0.0006840229034423828
0.0011920928955078125
0.0008141994476318359
0.0006840229034423828
0.0007297992706298828
0.0004138946533203125
0.0006890296936035156
0.0007660388946533203
0.0010998249053955078
0.0006308555603027344
0.001071929931640625
0.0005769729614257812
0.0008130073547363281
0.0007569789886474609
0.0007810592651367188
0.001194000244140625
0.0008459091186523438
0.0006549358367919922
0.0007510185241699219
0.0006530284881591797
0.0006701946258544922
0.0007431507110595703
0.0006909370422363281
0.0008249282836914062
0.0012161731719970703
0.0005500316619873047
0.0005729198455810547
0.0006189346313476562
0.0011370182037353516
0.0009400844573974609
0.0006120204925537109
0.0009379386901855469
0.0007851123809814453
0.0006570816040039062
0.0005660057067871094
0.0006120204925537109
0.0015501976013183594
0.0005540847778320312
0.0006511211395263672
0.0006339550018310547
0.0008599758148193359
0.0008668899536132812
0.0007719993591308594
0.00047588348388671875
0.00042891502380371094
0.0005891323089599609
0.0005500316619873047
0.00047278404235839844
0.0005660057067871094
0.0008628368377685547
0.001013040542602539
0.0008389949798583984
0.0040400028228759766
0.0008909702301025391
0.0016829967498779297
0.0006649494171142578
0.0005221366882324219
0.0008461475372314453
0.00045990943908691406
0.0006799697875976562
0.0004329681396484375
0.0006549358367919922
0.0006070137023925781
0.0006699562072753906
0.00039505958557128906
0.0005769729614257812
0.0006308555603027344
0.0007541179656982422
0.00041413307189941406
0.0009961128234863281
0.0007510185241699219
0.0005340576171875
0.0005171298980712891
0.0007131099700927734
0.0006461143493652344
0.0006520748138427734
0.001168966293334961
0.0010790824890136719
0.0013151168823242188
0.0006310939788818359
0.000965118408203125
0.0006639957427978516
0.0009579658508300781
0.000682830810546875
0.0006279945373535156
0.0006020069122314453
0.0009660720825195312
0.0007529258728027344
0.0014660358428955078
0.000637054443359375
81.21073889732361
80.21011114120483
80.21015501022339
79.21589183807373
79.21611905097961
78.21502804756165
78.21486592292786
77.21403694152832
77.21447896957397
76.21381902694702
76.21415400505066
75.21295404434204
75.21355104446411
74.2129898071289
74.21323084831238
73.21268391609192
73.21248888969421
72.21143102645874
72.21122097969055
71.21122884750366
71.21072793006897
70.2110230922699
70.21080183982849
69.20996189117432
69.2092068195343
68.20874214172363
68.20847606658936
67.20783805847168
67.20798993110657
66.20619201660156
66.2070209980011
0.0009491443634033203
0.0007281303405761719
0.0009720325469970703
0.0007300376892089844
0.000720977783203125
0.0009558200836181641
0.0007798671722412109
0.0008180141448974609
0.0007231235504150391
0.0006539821624755859
0.0007009506225585938
0.0007588863372802734
0.000698089599609375
0.00090789794921875
0.0003769397735595703
0.0004611015319824219
0.000990152359008789
0.0008709430694580078
0.0004968643188476562
0.0006928443908691406
0.0006768703460693359
0.0007669925689697266
0.0006940364837646484
0.0007719993591308594
0.0006899833679199219
0.0006260871887207031
0.00061798095703125
0.0004520416259765625
0.0005118846893310547
0.00074005126953125
0.0004899501800537109
0.0005860328674316406
0.0005948543548583984
0.0006031990051269531
0.000982046127319336
0.0005118846893310547
0.0005071163177490234
0.0009560585021972656
0.0008718967437744141
0.0006110668182373047
0.0005290508270263672
0.0004911422729492188
0.0005240440368652344
0.0007779598236083984
0.0008089542388916016
0.0005748271942138672
0.0005788803100585938
0.0005521774291992188
0.0009799003601074219
0.0009639263153076172
0.0013058185577392578
0.0007081031799316406
0.0007708072662353516
0.000762939453125
0.0005037784576416016
0.0007288455963134766
0.0005578994750976562
0.0012848377227783203
0.0008819103240966797
0.0008039474487304688
0.001065969467163086
0.0007798671722412109
0.0010151863098144531
0.00092315673828125
0.0006220340728759766
0.0005538463592529297
0.0005180835723876953
0.0007688999176025391
0.0010039806365966797
0.0009438991546630859
0.0010590553283691406
0.0006709098815917969
0.0007870197296142578
0.0008668899536132812
0.0007801055908203125
0.001035928726196289
0.0006799697875976562
0.0006258487701416016
0.0006837844848632812
0.0006849765777587891
0.0006928443908691406
0.0007128715515136719
0.0009050369262695312
0.0007121562957763672
0.0005738735198974609
0.0006279945373535156
0.0007171630859375
0.0006210803985595703
0.0008289813995361328
0.0007829666137695312
0.0005290508270263672
0.0008039474487304688
0.0007550716400146484
0.0008769035339355469
0.0006258487701416016
0.0007860660552978516
0.0005819797515869141
0.0005199909210205078
0.0005860328674316406
0.00048804283142089844
0.0006530284881591797
0.0009899139404296875
0.0008771419525146484
0.0008819103240966797
0.0006191730499267578
0.000637054443359375
0.0005979537963867188
0.0008261203765869141
0.0009748935699462891
0.0007960796356201172
0.0006120204925537109
0.0006220340728759766
0.0005109310150146484
0.0010828971862792969
0.0005807876586914062
0.0006670951843261719
0.0008349418640136719
0.0008540153503417969
0.0007119178771972656
0.0005869865417480469
0.0005710124969482422
0.0006809234619140625
0.0005371570587158203
0.0006361007690429688
0.0005271434783935547
0.0006899833679199219
0.0005898475646972656
0.0007340908050537109
0.0005960464477539062
0.0005800724029541016
0.0007290840148925781
0.0005719661712646484
0.0007200241088867188
0.000701904296875
0.0006361007690429688
0.0009410381317138672
0.0008590221405029297
0.0006420612335205078
0.0007958412170410156
0.0007550716400146484
0.0005071163177490234
0.0008091926574707031
0.0008039474487304688
0.0006968975067138672
0.0005319118499755859
0.0006139278411865234
0.0008680820465087891
0.0005300045013427734
0.0006451606750488281
0.0004191398620605469
0.0008981227874755859
0.0005538463592529297
0.0008540153503417969
0.0007488727569580078
0.0007040500640869141
0.0006260871887207031
