0.0015609264373779297
0.00096893310546875
0.0009710788726806641
0.0014400482177734375
0.0009520053863525391
0.0013070106506347656
0.0011038780212402344
0.0015170574188232422
0.0006759166717529297
0.0007040500640869141
0.0008509159088134766
0.0014240741729736328
0.0007789134979248047
0.0008690357208251953
0.001199960708618164
0.0005888938903808594
0.0005879402160644531
0.0005681514739990234
0.0005908012390136719
0.0005879402160644531
0.0006258487701416016
0.0008649826049804688
0.0006809234619140625
0.0008189678192138672
0.0008821487426757812
0.0007219314575195312
0.0007708072662353516
0.0007469654083251953
0.0007750988006591797
0.0008070468902587891
0.0007369518280029297
0.0008540153503417969
0.0009021759033203125
0.0007121562957763672
0.000759124755859375
0.0009350776672363281
0.0005640983581542969
0.001734018325805664
0.0006380081176757812
0.0007510185241699219
0.0006220340728759766
0.0009059906005859375
0.0006728172302246094
0.0007860660552978516
0.0008339881896972656
0.0008640289306640625
0.0007839202880859375
0.0008389949798583984
0.0009219646453857422
0.0012738704681396484
